-0.130227 0.101693 -1.020916 0.807851 -0.584314 -0.896951 0.910090 -0.819482 1.044151 0.525653
-0.103650 -0.015904 -0.780137 1.061150 -0.862300 -0.935890 0.645463 -0.719358 0.677573 0.787851
-0.032663 -0.294234 -0.812631 1.041545 -0.859229 -0.784104 0.624798 -1.026914 1.039658 0.980278
-0.147825 -0.190569 -0.818030 0.731258 -0.682718 -0.902344 0.934307 -0.872628 0.978174 0.878458
-0.046975 -0.225477 -1.037446 1.072888 -1.064327 -0.799745 0.636999 -0.918863 0.580897 0.814572
0.168987 0.048234 -0.779663 0.656356 -0.810221 -0.538892 0.972252 -0.685423 0.534194 0.911911
-0.005146 -0.113631 -0.578658 1.076824 -0.682373 -0.761376 0.674480 -0.848066 1.065996 0.552654
-0.269608 -0.080979 -0.972823 0.592946 -0.908091 -0.937150 0.893200 -0.771092 0.843987 0.974097
-0.256520 -0.087026 -0.877669 0.863817 -0.730670 -0.587890 0.824925 -0.858417 0.826687 0.859119
-0.246507 -0.278459 -0.554512 1.074835 -0.501635 -0.736885 0.813459 -0.927155 0.515049 0.779455
-0.074501 -0.254560 -0.601524 0.852676 -0.961614 -1.009614 1.015526 -0.568414 0.919294 0.759513
0.105684 0.162774 -0.627512 0.528015 -0.873409 -0.858182 1.040125 -0.548484 0.983401 0.766811
0.010635 0.236894 -0.811648 0.756123 -0.588271 -0.813283 0.519238 -0.874812 0.959562 0.534286
0.204643 -0.214939 -1.020274 0.903120 -0.662264 -0.881888 0.993506 -0.746738 0.649698 0.812800
-0.287224 0.255382 -0.924427 0.985263 -0.516604 -0.697836 0.627081 -0.576479 0.853680 0.510482
-0.109668 -0.235685 -0.552624 0.978684 -0.779562 -0.640894 0.665401 -0.760325 0.584294 0.524962
0.073961 0.288937 -0.989977 0.953688 -0.707943 -0.552241 0.571799 -0.814437 0.801022 0.721498
0.298363 0.013798 -0.923121 0.673936 -0.900939 -0.939725 1.076101 -0.773858 0.583796 0.829780
0.036624 -0.025872 -0.705905 0.784000 -0.947188 -0.985467 0.643106 -0.781787 0.954209 0.727400
0.043175 -0.071830 -0.883662 0.953198 -1.018142 -1.091605 0.900958 -0.946343 0.793958 0.601980
0.075155 -0.007679 -0.684223 1.052034 -0.633742 -1.085162 0.612309 -0.657642 0.840980 0.696105
-0.127861 -0.222396 -0.629766 1.066234 -0.738396 -1.076954 0.580767 -0.595290 0.841258 1.034976
-0.167889 -0.215566 -0.936854 0.848449 -0.562368 -0.854996 0.856844 -0.761411 0.898661 0.550803
0.140569 -0.126185 -0.756876 0.756346 -0.974151 -0.890619 0.771184 -0.861842 0.551740 0.512164
0.134264 -0.076122 -1.010232 0.804498 -0.909888 -0.648628 0.827543 -0.829120 0.856082 0.568802
-0.094144 0.188193 -0.946765 0.869002 -0.863358 -1.009133 0.514006 -0.506514 0.929456 0.912666
-0.255711 -0.029975 -0.513519 0.887413 -0.573628 -0.987669 1.096794 -0.902444 0.850489 0.548534
-0.090280 -0.115247 -0.827588 0.799487 -0.610750 -0.637475 0.650859 -0.883206 0.633404 1.006942
-0.014405 0.039260 -0.704865 0.938831 -0.991738 -1.068223 1.029697 -0.977732 0.525263 0.859154
0.234934 -0.230448 -1.070821 1.021415 -0.643035 -0.544449 0.533746 -0.646240 0.653107 0.884235
0.202294 0.062827 -0.531012 0.674706 -1.037686 -0.641762 0.537231 -0.886827 0.575032 0.670635
-0.179885 0.060627 -0.590105 1.015249 -0.900542 -1.081842 1.047026 -0.970845 0.640425 1.072290
0.188309 -0.224641 -1.058158 1.017488 -0.503225 -0.601193 0.973040 -1.069479 0.852567 0.526146
0.114756 -0.045140 -0.711027 0.883743 -0.670434 -0.648713 0.741982 -0.633203 0.564460 0.817014
-0.262568 -0.115425 -1.022359 1.047328 -1.000176 -0.822901 1.065485 -1.053149 0.906254 0.605911
-0.280860 -0.005437 -0.918730 0.560983 -0.887948 -0.921955 1.059790 -1.014909 0.708565 0.812357
-0.188762 -0.276679 -0.532782 1.000211 -0.692936 -0.703216 0.851498 -1.050954 0.763581 0.915958
0.066059 0.001013 -1.099467 0.943700 -0.851659 -0.999643 0.620799 -0.886174 0.647208 1.027053
0.019737 -0.133652 -0.878384 1.001007 -0.872669 -0.666332 0.579051 -0.912879 1.018760 0.787616
0.199478 -0.270002 -0.789063 0.966696 -0.569791 -0.981999 0.763479 -0.818294 0.667047 1.027060
-0.202335 0.233106 -0.871927 0.598197 -0.723194 -0.623586 0.698554 -0.602395 0.590240 0.845762
0.124658 0.109977 -0.587890 0.546274 -0.789017 -0.960559 0.979943 -0.709966 0.826562 0.898703
-0.222349 -0.073960 -0.671300 0.888588 -1.007264 -0.741091 1.006590 -0.743785 0.540615 0.573637
-0.016725 -0.161720 -1.093257 1.011349 -0.863523 -0.716451 0.887763 -0.664968 0.781154 0.978002
-0.119206 -0.194188 -0.812021 0.592904 -0.947914 -0.501038 0.732344 -1.067971 0.888996 1.058906
0.130732 0.166647 -0.915054 0.759432 -0.844765 -0.822318 0.518341 -0.938175 0.533897 0.558957
-0.064538 0.017172 -0.902763 0.742204 -0.871480 -0.666286 0.525753 -1.083717 0.768746 0.806907
0.194285 0.149539 -0.687281 0.682264 -0.557557 -0.535195 0.681226 -0.925213 1.096834 1.070223
-0.166307 0.127566 -0.663130 0.818640 -1.013002 -1.007894 1.096321 -0.994660 0.753931 0.530218
-0.135704 0.189392 -0.752610 0.861533 -0.968404 -0.524090 0.695247 -0.942650 1.092193 0.963993
0.164257 0.186479 -0.786468 0.776976 -1.031257 -0.844026 0.741781 -0.850031 0.930762 0.738615
-0.079808 0.264455 -1.033818 0.557062 -0.816905 -0.946820 0.649168 -0.820584 0.758520 0.903098
0.009634 0.122816 -0.807509 0.557024 -0.915651 -0.675913 0.532934 -0.720404 1.081437 0.525128
-0.056411 0.145693 -0.588394 1.057120 -0.977331 -0.519650 0.713095 -0.735550 0.730319 0.543856
-0.296935 0.150511 -1.091689 0.569246 -0.592426 -0.808594 0.722426 -1.043259 1.070822 0.980946
0.159840 -0.019544 -0.796238 0.652331 -0.762520 -0.611889 1.076418 -0.729586 0.767707 1.057854
0.095542 0.211296 -0.696452 0.807148 -0.631584 -0.573784 0.787498 -1.018489 0.790666 1.017817
-0.174633 -0.006269 -0.731672 0.633679 -0.737023 -0.824098 0.925085 -0.514597 0.832643 0.895906
0.166349 -0.107517 -1.023638 0.670111 -0.755187 -0.686158 0.558222 -0.778769 0.684256 0.825929
-0.020915 0.279798 -0.862775 0.582633 -0.813053 -0.994359 0.508849 -0.525556 0.687152 0.799515
0.192261 0.012519 -0.506754 0.760590 -0.653802 -0.743777 1.036491 -0.828718 0.841626 0.769134
-0.232811 -0.092024 -0.638383 0.643551 -0.721913 -0.893570 1.057393 -0.663691 1.027661 0.641649
-0.137761 -0.093254 -0.978552 0.899464 -0.810621 -0.691606 1.005105 -0.801772 0.882839 0.592257
0.297743 -0.024900 -0.695224 1.090989 -0.564310 -0.849026 0.847212 -0.627819 1.022256 0.588838
-0.158685 0.289445 -0.803186 0.502932 -0.967004 -1.025099 0.709362 -1.009611 1.011210 0.637024
-0.067962 -0.226551 -0.756230 0.853486 -0.627087 -1.066851 0.661880 -0.721983 0.831378 1.044719
0.170274 0.029121 -0.880181 0.775050 -0.779890 -0.944492 1.026023 -1.032678 0.527689 0.948279
-0.143839 -0.130996 -0.662276 0.952975 -0.928064 -0.529280 1.027876 -0.718702 0.561109 0.939086
0.218321 -0.006853 -0.587465 0.762091 -1.053367 -0.714552 0.795241 -0.891487 0.663465 0.526618
-0.146768 -0.266261 -0.744261 0.873050 -0.791211 -1.024150 1.028558 -0.865188 0.643172 1.056247
-0.216908 -0.000667 -0.974749 1.020816 -0.947692 -0.802813 0.991535 -1.019816 0.578485 1.052644
0.219271 0.296806 -0.854210 0.931806 -0.841103 -0.807577 0.717254 -0.545862 1.000936 0.880719
0.280756 -0.245832 -0.685542 0.836495 -0.672782 -0.976754 0.912345 -0.744223 0.858059 1.055517
0.012024 0.141150 -0.845150 0.937275 -0.738034 -0.692842 0.634462 -0.846499 0.987342 0.712947
-0.093855 0.106613 -0.890247 0.951935 -0.861581 -0.631349 0.644358 -0.644328 0.922789 0.545295
-0.063609 0.103545 -1.000537 0.550849 -0.959960 -0.573319 0.674095 -0.547615 0.782458 1.032154
0.207902 0.294482 -0.726696 0.662752 -0.668242 -0.964730 1.069910 -0.533780 0.888771 0.957253
-0.120833 0.294916 -0.836134 0.888920 -0.653149 -0.597716 0.757571 -0.508791 0.857957 0.580359
-0.263496 0.294348 -0.616096 0.635966 -1.054803 -1.076056 0.562647 -0.880708 1.076330 0.845105
-0.148554 0.184232 -0.760413 1.024751 -1.053016 -0.928655 0.560021 -1.083106 0.637565 0.948792
0.174147 0.016731 -0.656292 0.638013 -0.994348 -0.809442 0.540297 -0.736778 0.781767 0.898254
0.143582 0.018271 -0.707398 0.827486 -0.645763 -0.662201 0.851430 -0.583115 0.557091 0.827760
-0.038010 -0.091462 -0.888008 0.501577 -0.966711 -0.841024 0.672922 -0.906690 0.775870 0.810486
-0.257898 -0.149983 -1.072783 0.985810 -0.811970 -0.967131 0.676368 -0.771673 0.996091 0.958136
-0.173419 0.039673 -0.923593 1.019183 -1.032841 -1.069356 0.856982 -0.681411 1.047529 0.914073
-0.153651 -0.090482 -1.077389 0.858341 -0.888905 -0.944100 0.517316 -0.715983 0.849210 0.793186
-0.205497 0.091312 -0.656797 0.621720 -0.822878 -0.968767 0.754589 -0.646510 0.959560 0.650681
0.011626 0.286141 -0.609646 0.988032 -0.594676 -0.542487 1.018677 -0.837694 0.876102 0.966205
-0.223621 0.222452 -1.024276 0.598990 -0.819208 -0.813181 0.754890 -0.801891 0.570836 0.504100
0.291295 -0.134661 -0.704589 0.934498 -0.812941 -1.027467 1.065731 -0.558352 1.026023 0.925291
-0.207671 -0.062351 -0.688568 1.082683 -0.974319 -0.783245 1.040196 -1.055642 1.079061 0.816298
0.210563 -0.244560 -0.861250 1.086287 -0.945570 -0.580458 0.773106 -0.690681 0.717651 0.843942
0.113419 -0.091054 -0.590719 0.708830 -1.056556 -0.903660 0.781363 -1.090825 0.637988 0.707386
0.134466 -0.069683 -0.654965 0.745898 -0.886999 -0.529284 1.062654 -0.946803 0.515074 1.041714
0.169496 0.225637 -0.502846 0.608245 -0.588076 -0.948416 0.527788 -0.914970 1.060903 0.745439
0.228973 0.074322 -0.645615 0.938253 -0.516847 -0.602171 0.534593 -0.835484 1.007004 0.672581
0.171902 0.041471 -0.697101 0.816938 -0.512631 -1.084100 0.787654 -0.549978 0.669097 0.802728
0.191737 -0.261408 -0.871635 0.988891 -0.953162 -0.959711 0.540474 -0.925375 0.825320 0.501377
0.120064 -0.045708 -0.724300 0.774449 -1.007455 -0.741148 0.672278 -0.972862 0.523368 0.579282
-0.000280 0.195271 -0.679247 0.602618 -0.887792 -0.691878 0.618518 -0.600138 0.858144 0.787614
